Testcase DataSize WorkGroupSize GpuWorkGroups NumThreads Time
Collatz 1342177280 100 20000 8 1.779925
Collatz 1342177280 100 50000 8 1.746242
Collatz 1342177280 100 100000 8 1.741335
Collatz 1342177280 1000 100 8 2.177373
Collatz 1342177280 1000 1000 8 1.776982
Collatz 1342177280 1000 10000 8 1.740453
Collatz 1342177280 1000 20000 8 1.737031
Collatz 1342177280 1000 50000 8 1.740294
Collatz 1342177280 1000 100000 8 1.742008
Collatz 1342177280 10000 100 8 1.774688
Collatz 1342177280 10000 1000 8 1.741536
Collatz 1342177280 10000 10000 8 1.740194
Collatz 1342177280 10000 20000 8 1.743499
Collatz 1342177280 10000 50000 8 1.750384
Collatz 1342177280 10000 100000 8 1.754113
Collatz 1342177280 100000 100 8 1.777047
Collatz 1342177280 100000 1000 8 1.770491
Collatz 1342177280 100000 10000 8 1.752293
Collatz 2684354560 100 20000 8 3.594233
Collatz 2684354560 100 50000 8 3.562259
Collatz 2684354560 100 100000 8 3.553726
Collatz 2684354560 1000 100 8 4.441557
Collatz 2684354560 1000 1000 8 3.632087
Collatz 2684354560 1000 10000 8 3.566877
Collatz 2684354560 1000 20000 8 3.560214
Collatz 2684354560 1000 50000 8 3.559240
Collatz 2684354560 1000 100000 8 3.557781
Collatz 2684354560 10000 100 8 3.652274
Collatz 2684354560 10000 1000 8 3.577548
Collatz 2684354560 10000 10000 8 3.558420
Collatz 2684354560 10000 20000 8 3.567600
Collatz 2684354560 10000 50000 8 3.550935
Collatz 2684354560 10000 100000 8 3.564548
Collatz 2684354560 100000 100 8 3.593009
Collatz 2684354560 100000 1000 8 3.581651
Collatz 2684354560 100000 10000 8 3.561473
Collatz 5368709120 100 20000 8 7.280991
Collatz 5368709120 100 50000 8 7.218559
Collatz 5368709120 100 100000 8 7.201363
Collatz 5368709120 1000 100 8 8.999223
Collatz 5368709120 1000 1000 8 7.351451
Collatz 5368709120 1000 10000 8 7.197484
Collatz 5368709120 1000 20000 8 7.194220
Collatz 5368709120 1000 50000 8 7.203848
Collatz 5368709120 1000 100000 8 7.207007
Collatz 5368709120 10000 100 8 7.364691
Collatz 5368709120 10000 1000 8 7.217133
Collatz 5368709120 10000 10000 8 7.214365
Collatz 5368709120 10000 20000 8 7.222667
Collatz 5368709120 10000 50000 8 7.230445
Collatz 5368709120 10000 100000 8 7.204009
Collatz 5368709120 100000 100 8 7.232831
Collatz 5368709120 100000 1000 8 7.214330
Collatz 5368709120 100000 10000 8 7.213513
Collatz 8053063680 100 20000 8 11.040253
Collatz 8053063680 100 50000 8 10.959560
Collatz 8053063680 100 100000 8 10.925834
Collatz 8053063680 1000 100 8 13.628230
Collatz 8053063680 1000 1000 8 11.166546
Collatz 8053063680 1000 10000 8 10.936566
Collatz 8053063680 1000 20000 8 10.920354
Collatz 8053063680 1000 50000 8 10.900756
Collatz 8053063680 1000 100000 8 10.924700
Collatz 8053063680 10000 100 8 11.173489
Collatz 8053063680 10000 1000 8 10.959090
Collatz 8053063680 10000 10000 8 10.897519
Collatz 8053063680 10000 20000 8 10.893633
Collatz 8053063680 10000 50000 8 10.912771
Collatz 8053063680 10000 100000 8 10.918953
Collatz 8053063680 100000 100 8 10.950366
Collatz 8053063680 100000 1000 8 10.909326
Collatz 8053063680 100000 10000 8 10.917674
Collatz 10737418240 100 20000 8 14.746899
Collatz 10737418240 100 50000 8 14.703916
Collatz 10737418240 100 100000 8 14.648888
Collatz 10737418240 1000 100 8 18.238651
Collatz 10737418240 1000 1000 8 14.920828
Collatz 10737418240 1000 10000 8 14.639655
Collatz 10737418240 1000 20000 8 14.626815
Collatz 10737418240 1000 50000 8 14.618749
Collatz 10737418240 1000 100000 8 14.620713
Collatz 10737418240 10000 100 8 14.927810
Collatz 10737418240 10000 1000 8 14.649261
Collatz 10737418240 10000 10000 8 14.609393
Collatz 10737418240 10000 20000 8 14.618947
Collatz 10737418240 10000 50000 8 14.621880
Collatz 10737418240 10000 100000 8 14.614157
Collatz 10737418240 100000 100 8 14.671757
Collatz 10737418240 100000 1000 8 14.648760
Collatz 10737418240 100000 10000 8 14.606211
Collatz 13421772800 100 20000 8 18.488663
Collatz 13421772800 100 50000 8 18.401138
Collatz 13421772800 100 100000 8 18.357586
Collatz 13421772800 1000 100 8 22.895971
Collatz 13421772800 1000 1000 8 18.734499
Collatz 13421772800 1000 10000 8 18.294061
Collatz 13421772800 1000 20000 8 18.284003
Collatz 13421772800 1000 50000 8 18.325664
Collatz 13421772800 1000 100000 8 18.265046
Collatz 13421772800 10000 100 8 18.668791
Collatz 13421772800 10000 1000 8 18.374249
Collatz 13421772800 10000 10000 8 18.336851
Collatz 13421772800 10000 20000 8 18.343070
Collatz 13421772800 10000 50000 8 18.341446
Collatz 13421772800 10000 100000 8 18.299492
Collatz 13421772800 100000 100 8 18.387743
Collatz 13421772800 100000 1000 8 18.333005
Collatz 13421772800 100000 10000 8 18.338347
Math 671088640 100 20000 8 36.916023
Math 671088640 100 50000 8 37.057810
Math 671088640 100 100000 8 36.990465
Math 671088640 1000 100 8 42.971317
Math 671088640 1000 1000 8 37.496367
Math 671088640 1000 10000 8 36.995796
Math 671088640 1000 20000 8 37.047558
Math 671088640 1000 50000 8 37.274522
Math 671088640 1000 100000 8 37.251145
Math 671088640 10000 100 8 37.491186
Math 671088640 10000 1000 8 36.981160
Math 671088640 10000 10000 8 37.235240
Math 671088640 10000 20000 8 39.341368
Math 671088640 10000 50000 8 37.234650
Math 671088640 10000 100000 8 47.645810
Math 671088640 100000 100 8 36.997346
Math 671088640 100000 1000 8 37.216031
Math 671088640 100000 10000 8 47.605488
Math 1342177280 100 20000 8 74.189750
Math 1342177280 100 50000 8 74.141412
Math 1342177280 100 100000 8 74.052372
Math 1342177280 1000 100 8 86.084224
Math 1342177280 1000 1000 8 75.039846
Math 1342177280 1000 10000 8 74.051522
Math 1342177280 1000 20000 8 73.880013
Math 1342177280 1000 50000 8 74.509344
Math 1342177280 1000 100000 8 74.453062
Math 1342177280 10000 100 8 75.070534
Math 1342177280 10000 1000 8 74.029398
Math 1342177280 10000 10000 8 74.417244
Math 1342177280 10000 20000 8 74.501180
Math 1342177280 10000 50000 8 74.420158
Math 1342177280 10000 100000 8 74.522922
Math 1342177280 100000 100 8 74.024613
Math 1342177280 100000 1000 8 74.503570
Math 1342177280 100000 10000 8 74.452948
Math 2684354560 100 20000 8 147.935110
Math 2684354560 100 50000 8 148.443722
Math 2684354560 100 100000 8 147.966069
Math 2684354560 1000 100 8 172.166393
Math 2684354560 1000 1000 8 150.265005
Math 2684354560 1000 10000 8 147.957122
Math 2684354560 1000 20000 8 147.893388
Math 2684354560 1000 50000 8 148.058010
Math 2684354560 1000 100000 8 149.067097
Math 2684354560 10000 100 8 150.185834
Math 2684354560 10000 1000 8 147.957219
Math 2684354560 10000 10000 8 149.027963
Math 2684354560 10000 20000 8 149.052533
Math 2684354560 10000 50000 8 149.127198
Math 2684354560 10000 100000 8 149.040602
Math 2684354560 100000 100 8 147.974756
Math 2684354560 100000 1000 8 149.042877
Math 2684354560 100000 10000 8 149.000649
Math 4026531840 100 20000 8 221.782475
Math 4026531840 100 50000 8 222.679619
Math 4026531840 100 100000 8 221.951903
Math 4026531840 1000 100 8 258.351305
Math 4026531840 1000 1000 8 225.415548
Math 4026531840 1000 10000 8 221.814803
Math 4026531840 1000 20000 8 221.767155
Math 4026531840 1000 50000 8 221.593145
Math 4026531840 1000 100000 8 221.599591
Math 4026531840 10000 100 8 225.359276
Math 4026531840 10000 1000 8 221.874600
Math 4026531840 10000 10000 8 221.606368
Math 4026531840 10000 20000 8 223.555243
Math 4026531840 10000 50000 8 223.583766
Math 4026531840 10000 100000 8 223.662584
Math 4026531840 100000 100 8 221.860486
Math 4026531840 100000 1000 8 221.582792
Math 4026531840 100000 10000 8 223.561953
Math 5368709120 100 20000 8 295.984031
Math 5368709120 100 50000 8 296.951215
Math 5368709120 100 100000 8 295.927237
Math 5368709120 1000 100 8 344.558347
Math 5368709120 1000 1000 8 300.590529
Math 5368709120 1000 10000 8 295.931691
Math 5368709120 1000 20000 8 295.616826
Math 5368709120 1000 50000 8 295.037732
Math 5368709120 1000 100000 8 295.931249
Math 5368709120 10000 100 8 300.564126
Math 5368709120 10000 1000 8 295.933533
Math 5368709120 10000 10000 8 296.117484
Math 5368709120 10000 20000 8 298.239447
Math 5368709120 10000 50000 8 298.183127
Math 5368709120 10000 100000 8 298.169587
Math 5368709120 100000 100 8 295.908955
Math 5368709120 100000 1000 8 296.129786
Math 5368709120 100000 10000 8 298.122017
Math 6710886400 100 20000 8 369.935243
Math 6710886400 100 50000 8 371.043332
Math 6710886400 100 100000 8 369.948188
Math 6710886400 1000 100 8 430.690921
Math 6710886400 1000 1000 8 375.613084
Math 6710886400 1000 10000 8 369.862514
Math 6710886400 1000 20000 8 369.348800
Math 6710886400 1000 50000 8 369.605886
Math 6710886400 1000 100000 8 369.658833
Math 6710886400 10000 100 8 375.615374
Math 6710886400 10000 1000 8 369.848871
Math 6710886400 10000 10000 8 369.661036
Math 6710886400 10000 20000 8 369.590833
Math 6710886400 10000 50000 8 372.531320
Math 6710886400 10000 100000 8 372.725976
Math 6710886400 100000 100 8 369.741583
Math 6710886400 100000 1000 8 369.642207
Math 6710886400 100000 10000 8 372.663170
MaxElement 1342177280 100 20000 8 0.523132
MaxElement 1342177280 100 50000 8 0.483506
MaxElement 1342177280 100 100000 8 0.460373
MaxElement 1342177280 1000 100 8 1.596703
MaxElement 1342177280 1000 1000 8 0.578786
MaxElement 1342177280 1000 10000 8 0.441639
MaxElement 1342177280 1000 20000 8 0.425886
MaxElement 1342177280 1000 50000 8 0.417425
MaxElement 1342177280 1000 100000 8 0.412013
MaxElement 1342177280 10000 100 8 0.577625
MaxElement 1342177280 10000 1000 8 0.438042
MaxElement 1342177280 10000 10000 8 0.409497
MaxElement 1342177280 10000 20000 8 0.406902
MaxElement 1342177280 10000 50000 8 0.414814
MaxElement 1342177280 10000 100000 8 0.413202
MaxElement 1342177280 100000 100 8 0.438136
MaxElement 1342177280 100000 1000 8 0.408072
MaxElement 1342177280 100000 10000 8 0.407828
MaxElement 2684354560 100 20000 8 1.042746
MaxElement 2684354560 100 50000 8 0.964679
MaxElement 2684354560 100 100000 8 0.898595
MaxElement 2684354560 1000 100 8 3.145898
MaxElement 2684354560 1000 1000 8 1.153731
MaxElement 2684354560 1000 10000 8 0.863486
MaxElement 2684354560 1000 20000 8 0.837256
MaxElement 2684354560 1000 50000 8 0.814476
MaxElement 2684354560 1000 100000 8 0.808451
MaxElement 2684354560 10000 100 8 1.140492
MaxElement 2684354560 10000 1000 8 0.868989
MaxElement 2684354560 10000 10000 8 0.805752
MaxElement 2684354560 10000 20000 8 0.799802
MaxElement 2684354560 10000 50000 8 0.811704
MaxElement 2684354560 10000 100000 8 0.811893
MaxElement 2684354560 100000 100 8 0.867350
MaxElement 2684354560 100000 1000 8 0.802292
MaxElement 2684354560 100000 10000 8 0.808959
MaxElement 5368709120 100 20000 8 2.045649
MaxElement 5368709120 100 50000 8 1.879722
MaxElement 5368709120 100 100000 8 1.787755
MaxElement 5368709120 1000 100 8 6.269150
MaxElement 5368709120 1000 1000 8 2.275889
MaxElement 5368709120 1000 10000 8 1.716433
MaxElement 5368709120 1000 20000 8 1.650505
MaxElement 5368709120 1000 50000 8 1.612921
MaxElement 5368709120 1000 100000 8 1.603304
MaxElement 5368709120 10000 100 8 2.262968
MaxElement 5368709120 10000 1000 8 1.707491
MaxElement 5368709120 10000 10000 8 1.594488
MaxElement 5368709120 10000 20000 8 1.580250
MaxElement 5368709120 10000 50000 8 1.589718
MaxElement 5368709120 10000 100000 8 1.612831
MaxElement 5368709120 100000 100 8 1.707543
MaxElement 5368709120 100000 1000 8 1.585218
MaxElement 5368709120 100000 10000 8 1.599546
MaxElement 8053063680 100 20000 8 3.053074
MaxElement 8053063680 100 50000 8 2.822993
MaxElement 8053063680 100 100000 8 2.675377
MaxElement 8053063680 1000 100 8 9.450280
MaxElement 8053063680 1000 1000 8 3.368549
MaxElement 8053063680 1000 10000 8 2.561954
MaxElement 8053063680 1000 20000 8 2.470396
MaxElement 8053063680 1000 50000 8 2.410575
MaxElement 8053063680 1000 100000 8 2.398816
MaxElement 8053063680 10000 100 8 3.353858
MaxElement 8053063680 10000 1000 8 2.557447
MaxElement 8053063680 10000 10000 8 2.372116
MaxElement 8053063680 10000 20000 8 2.375642
MaxElement 8053063680 10000 50000 8 2.370206
MaxElement 8053063680 10000 100000 8 2.363366
MaxElement 8053063680 100000 100 8 2.539998
MaxElement 8053063680 100000 1000 8 2.372486
MaxElement 8053063680 100000 10000 8 2.360195
MaxElement 10737418240 100 20000 8 4.069594
MaxElement 10737418240 100 50000 8 3.734545
MaxElement 10737418240 100 100000 8 3.548791
MaxElement 10737418240 1000 100 8 12.494498
MaxElement 10737418240 1000 1000 8 4.480637
MaxElement 10737418240 1000 10000 8 3.397905
MaxElement 10737418240 1000 20000 8 3.284419
MaxElement 10737418240 1000 50000 8 3.197123
MaxElement 10737418240 1000 100000 8 3.169300
MaxElement 10737418240 10000 100 8 4.451806
MaxElement 10737418240 10000 1000 8 3.386654
MaxElement 10737418240 10000 10000 8 3.163526
MaxElement 10737418240 10000 20000 8 3.148991
MaxElement 10737418240 10000 50000 8 3.146075
MaxElement 10737418240 10000 100000 8 3.168874
MaxElement 10737418240 100000 100 8 3.381934
MaxElement 10737418240 100000 1000 8 3.184953
MaxElement 10737418240 100000 10000 8 3.153289
MaxElement 13421772800 100 20000 8 5.075256
MaxElement 13421772800 100 50000 8 4.666612
MaxElement 13421772800 100 100000 8 4.440438
MaxElement 13421772800 1000 100 8 15.530605
MaxElement 13421772800 1000 1000 8 5.660218
MaxElement 13421772800 1000 10000 8 4.260794
MaxElement 13421772800 1000 20000 8 4.096383
MaxElement 13421772800 1000 50000 8 3.995437
MaxElement 13421772800 1000 100000 8 3.964825
MaxElement 13421772800 10000 100 8 5.616425
MaxElement 13421772800 10000 1000 8 4.238152
MaxElement 13421772800 10000 10000 8 4.180976
MaxElement 13421772800 10000 20000 8 3.918553
MaxElement 13421772800 10000 50000 8 3.919844
MaxElement 13421772800 10000 100000 8 3.941753
MaxElement 13421772800 100000 100 8 4.237159
MaxElement 13421772800 100000 1000 8 4.011823
MaxElement 13421772800 100000 10000 8 3.920971
VectorPow 335544320 100 20000 8 0.366105
VectorPow 335544320 100 50000 8 0.390764
VectorPow 335544320 100 100000 8 0.374560
VectorPow 335544320 1000 100 8 0.380508
VectorPow 335544320 1000 1000 8 0.349485
VectorPow 335544320 1000 10000 8 0.355044
VectorPow 335544320 1000 20000 8 0.358349
VectorPow 335544320 1000 50000 8 0.389355
VectorPow 335544320 1000 100000 8 0.389871
VectorPow 335544320 10000 100 8 0.341554
VectorPow 335544320 10000 1000 8 0.345649
VectorPow 335544320 10000 10000 8 0.388125
VectorPow 335544320 10000 20000 8 0.392108
VectorPow 335544320 10000 50000 8 0.637252
VectorPow 335544320 10000 100000 8 0.647785
VectorPow 335544320 100000 100 8 0.347620
VectorPow 335544320 100000 1000 8 0.390538
VectorPow 335544320 100000 10000 8 0.628807
VectorPow 671088640 100 20000 8 0.733907
VectorPow 671088640 100 50000 8 0.736122
VectorPow 671088640 100 100000 8 0.737292
VectorPow 671088640 1000 100 8 0.730054
VectorPow 671088640 1000 1000 8 0.682775
VectorPow 671088640 1000 10000 8 0.684975
VectorPow 671088640 1000 20000 8 0.678601
VectorPow 671088640 1000 50000 8 0.693822
VectorPow 671088640 1000 100000 8 0.747782
VectorPow 671088640 10000 100 8 0.690678
VectorPow 671088640 10000 1000 8 0.689611
VectorPow 671088640 10000 10000 8 0.745049
VectorPow 671088640 10000 20000 8 0.799023
VectorPow 671088640 10000 50000 8 0.961180
VectorPow 671088640 10000 100000 8 1.299410
VectorPow 671088640 100000 100 8 0.696176
VectorPow 671088640 100000 1000 8 0.737856
VectorPow 671088640 100000 10000 8 1.273709
VectorPow 1342177280 100 20000 8 1.493775
VectorPow 1342177280 100 50000 8 1.521379
VectorPow 1342177280 100 100000 8 1.478876
VectorPow 1342177280 1000 100 8 1.558322
VectorPow 1342177280 1000 1000 8 1.373183
VectorPow 1342177280 1000 10000 8 1.441215
VectorPow 1342177280 1000 20000 8 1.395974
VectorPow 1342177280 1000 50000 8 1.490791
VectorPow 1342177280 1000 100000 8 1.444436
VectorPow 1342177280 10000 100 8 1.372208
VectorPow 1342177280 10000 1000 8 1.401773
VectorPow 1342177280 10000 10000 8 1.446620
VectorPow 1342177280 10000 20000 8 1.578981
VectorPow 1342177280 10000 50000 8 1.750620
VectorPow 1342177280 10000 100000 8 1.972836
VectorPow 1342177280 100000 100 8 1.384837
VectorPow 1342177280 100000 1000 8 1.498284
VectorPow 1342177280 100000 10000 8 1.983504
VectorPow 2013265920 100 20000 8 2.213779
VectorPow 2013265920 100 50000 8 2.194706
VectorPow 2013265920 100 100000 8 2.190669
VectorPow 2013265920 1000 100 8 2.178601
VectorPow 2013265920 1000 1000 8 2.029970
VectorPow 2013265920 1000 10000 8 2.031705
VectorPow 2013265920 1000 20000 8 2.017351
VectorPow 2013265920 1000 50000 8 2.055011
VectorPow 2013265920 1000 100000 8 2.090469
VectorPow 2013265920 10000 100 8 2.071416
VectorPow 2013265920 10000 1000 8 2.075145
VectorPow 2013265920 10000 10000 8 2.086948
VectorPow 2013265920 10000 20000 8 2.185368
VectorPow 2013265920 10000 50000 8 2.114630
VectorPow 2013265920 10000 100000 8 2.165500
VectorPow 2013265920 100000 100 8 2.080240
VectorPow 2013265920 100000 1000 8 2.134382
VectorPow 2013265920 100000 10000 8 2.190078
VectorPow 2684354560 100 20000 8 3.014545
VectorPow 2684354560 100 50000 8 3.014309
VectorPow 2684354560 100 100000 8 3.033020
VectorPow 2684354560 1000 100 8 2.989152
VectorPow 2684354560 1000 1000 8 2.748301
VectorPow 2684354560 1000 10000 8 2.772750
VectorPow 2684354560 1000 20000 8 2.777010
VectorPow 2684354560 1000 50000 8 2.820759
VectorPow 2684354560 1000 100000 8 2.788460
VectorPow 2684354560 10000 100 8 2.812592
VectorPow 2684354560 10000 1000 8 2.761229
VectorPow 2684354560 10000 10000 8 2.778583
VectorPow 2684354560 10000 20000 8 2.747147
VectorPow 2684354560 10000 50000 8 2.888251
VectorPow 2684354560 10000 100000 8 3.433774
VectorPow 2684354560 100000 100 8 2.706230
VectorPow 2684354560 100000 1000 8 2.744136
VectorPow 2684354560 100000 10000 8 3.425365
VectorPow 3355443200 100 20000 8 3.690009
VectorPow 3355443200 100 50000 8 3.808057
VectorPow 3355443200 100 100000 8 3.726544
VectorPow 3355443200 1000 100 8 3.745216
VectorPow 3355443200 1000 1000 8 3.543100
VectorPow 3355443200 1000 10000 8 3.453789
VectorPow 3355443200 1000 20000 8 3.451387
VectorPow 3355443200 1000 50000 8 3.478167
VectorPow 3355443200 1000 100000 8 3.503028
VectorPow 3355443200 10000 100 8 3.439192
VectorPow 3355443200 10000 1000 8 3.447064
VectorPow 3355443200 10000 10000 8 3.482498
VectorPow 3355443200 10000 20000 8 3.502516
VectorPow 3355443200 10000 50000 8 3.840080
VectorPow 3355443200 10000 100000 8 3.829770
VectorPow 3355443200 100000 100 8 3.379097
VectorPow 3355443200 100000 1000 8 3.438056
VectorPow 3355443200 100000 10000 8 3.861090
