Testcase DataSize WorkGroupSize GpuWorkGroups NumThreads Time
Collatz 2684354560 10 100 2 103.162011
Collatz 2684354560 10 100 4 88.058284
Collatz 2684354560 10 100 6 76.899901
Collatz 2684354560 10 100 8 68.543516
Collatz 2684354560 10 1000 2 15.744443
Collatz 2684354560 10 1000 4 15.353015
Collatz 2684354560 10 1000 6 15.028639
Collatz 2684354560 10 1000 8 14.635239
Collatz 2684354560 10 10000 2 4.598333
Collatz 2684354560 10 10000 4 4.550328
Collatz 2684354560 10 10000 6 4.506408
Collatz 2684354560 10 10000 8 4.475880
Collatz 2684354560 10 20000 2 4.032412
Collatz 2684354560 10 20000 4 4.012427
Collatz 2684354560 10 20000 6 3.979089
Collatz 2684354560 10 20000 8 3.962859
Collatz 2684354560 10 50000 2 3.825544
Collatz 2684354560 10 50000 4 3.803639
Collatz 2684354560 10 50000 6 3.773940
Collatz 2684354560 10 50000 8 3.757647
Collatz 2684354560 10 100000 2 3.716408
Collatz 2684354560 10 100000 4 3.690132
Collatz 2684354560 10 100000 6 3.665854
Collatz 2684354560 10 100000 8 3.647349
Collatz 2684354560 100 100 2 15.663654
Collatz 2684354560 100 100 4 15.250434
Collatz 2684354560 100 100 6 14.878360
Collatz 2684354560 100 100 8 14.553121
Collatz 2684354560 100 1000 2 4.572963
Collatz 2684354560 100 1000 4 4.529895
Collatz 2684354560 100 1000 6 4.491430
Collatz 2684354560 100 1000 8 4.463105
Collatz 2684354560 100 10000 2 3.725211
Collatz 2684354560 100 10000 4 3.699421
Collatz 2684354560 100 10000 6 3.677312
Collatz 2684354560 100 10000 8 3.652574
Collatz 2684354560 100 20000 2 3.692058
Collatz 2684354560 100 20000 4 3.666410
Collatz 2684354560 100 20000 6 3.646054
Collatz 2684354560 100 20000 8 3.627449
Collatz 2684354560 100 50000 2 3.668959
Collatz 2684354560 100 50000 4 3.635338
Collatz 2684354560 100 50000 6 3.610957
Collatz 2684354560 100 50000 8 3.588007
Collatz 2684354560 100 100000 2 3.645948
Collatz 2684354560 100 100000 4 3.630904
Collatz 2684354560 100 100000 6 3.597094
Collatz 2684354560 100 100000 8 3.584989
Collatz 2684354560 1000 100 2 4.565199
Collatz 2684354560 1000 100 4 4.542759
Collatz 2684354560 1000 100 6 4.503651
Collatz 2684354560 1000 100 8 4.466673
Collatz 2684354560 1000 1000 2 3.731387
Collatz 2684354560 1000 1000 4 3.698321
Collatz 2684354560 1000 1000 6 3.676856
Collatz 2684354560 1000 1000 8 3.655948
Collatz 2684354560 1000 10000 2 3.659296
Collatz 2684354560 1000 10000 4 3.623655
Collatz 2684354560 1000 10000 6 3.605099
Collatz 2684354560 1000 10000 8 3.565516
Collatz 2684354560 1000 20000 2 3.638593
Collatz 2684354560 1000 20000 4 3.619768
Collatz 2684354560 1000 20000 6 3.582230
Collatz 2684354560 1000 20000 8 3.571975
Collatz 2684354560 1000 50000 2 3.638677
Collatz 2684354560 1000 50000 4 3.619407
Collatz 2684354560 1000 50000 6 3.582273
Collatz 2684354560 1000 50000 8 3.573291
Collatz 2684354560 1000 100000 2 3.630392
Collatz 2684354560 1000 100000 4 3.617094
Collatz 2684354560 1000 100000 6 3.589753
Collatz 2684354560 1000 100000 8 3.577725
Collatz 2684354560 10000 100 2 3.716872
Collatz 2684354560 10000 100 4 3.693277
Collatz 2684354560 10000 100 6 3.676550
Collatz 2684354560 10000 100 8 3.651264
Collatz 2684354560 10000 1000 2 3.648909
Collatz 2684354560 10000 1000 4 3.621289
Collatz 2684354560 10000 1000 6 3.591202
Collatz 2684354560 10000 1000 8 3.576790
Collatz 2684354560 10000 10000 2 3.635913
Collatz 2684354560 10000 10000 4 3.622887
Collatz 2684354560 10000 10000 6 3.590734
Collatz 2684354560 10000 10000 8 3.568865
Collatz 2684354560 10000 20000 2 3.651213
Collatz 2684354560 10000 20000 4 3.609833
Collatz 2684354560 10000 20000 6 3.601916
Collatz 2684354560 10000 20000 8 3.557864
Collatz 2684354560 10000 50000 2 3.631097
Collatz 2684354560 10000 50000 4 3.621318
Collatz 2684354560 10000 50000 6 3.579497
Collatz 2684354560 10000 50000 8 3.582055
Collatz 2684354560 10000 100000 2 3.632482
Collatz 2684354560 10000 100000 4 3.615835
Collatz 2684354560 10000 100000 6 3.594202
Collatz 2684354560 10000 100000 8 3.574076
Collatz 2684354560 100000 100 2 3.674375
Collatz 2684354560 100000 100 4 3.619264
Collatz 2684354560 100000 100 6 3.617307
Collatz 2684354560 100000 100 8 3.614835
Collatz 2684354560 100000 1000 2 3.630568
Collatz 2684354560 100000 1000 4 3.615913
Collatz 2684354560 100000 1000 6 3.589611
Collatz 2684354560 100000 1000 8 3.583530
Collatz 2684354560 100000 10000 2 3.630394
Collatz 2684354560 100000 10000 4 3.611420
Collatz 2684354560 100000 10000 6 3.591945
Collatz 2684354560 100000 10000 8 3.577340
Collatz 2684354560 100000 20000 2 3.631075
Collatz 2684354560 100000 20000 4 3.613491
Collatz 2684354560 100000 20000 6 3.593376
Collatz 2684354560 100000 20000 8 3.578006
Collatz 2684354560 100000 50000 2 3.639580
Collatz 2684354560 100000 50000 4 3.640242
Collatz 2684354560 100000 50000 6 3.642382
Collatz 2684354560 100000 50000 8 3.638239
Collatz 2684354560 100000 100000 2 3.635203
Collatz 2684354560 100000 100000 4 3.638771
Collatz 2684354560 100000 100000 6 3.637985
Collatz 2684354560 100000 100000 8 3.636962
Math 1342177280 10 100 2 1315.475038
Math 1342177280 10 100 4 583.031646
Math 1342177280 10 100 6 374.897705
Math 1342177280 10 100 8 278.447556
Math 1342177280 10 1000 2 326.406869
Math 1342177280 10 1000 4 248.239895
Math 1342177280 10 1000 6 201.438099
Math 1342177280 10 1000 8 170.041981
Math 1342177280 10 10000 2 111.260470
Math 1342177280 10 10000 4 100.398165
Math 1342177280 10 10000 6 91.562020
Math 1342177280 10 10000 8 84.671447
Math 1342177280 10 20000 2 93.882737
Math 1342177280 10 20000 4 86.014649
Math 1342177280 10 20000 6 79.474220
Math 1342177280 10 20000 8 74.074628
Math 1342177280 10 50000 2 97.084883
Math 1342177280 10 50000 4 88.218624
Math 1342177280 10 50000 6 81.457165
Math 1342177280 10 50000 8 75.814449
Math 1342177280 10 100000 2 92.892094
Math 1342177280 10 100000 4 85.218695
Math 1342177280 10 100000 6 78.943318
Math 1342177280 10 100000 8 73.631673
Math 1342177280 100 100 2 324.638449
Math 1342177280 100 100 4 246.361143
Math 1342177280 100 100 6 199.664557
Math 1342177280 100 100 8 168.258093
Math 1342177280 100 1000 2 110.846057
Math 1342177280 100 1000 4 99.786767
Math 1342177280 100 1000 6 90.865938
Math 1342177280 100 1000 8 84.348055
Math 1342177280 100 10000 2 93.430532
Math 1342177280 100 10000 4 85.626799
Math 1342177280 100 10000 6 79.070992
Math 1342177280 100 10000 8 73.627413
Math 1342177280 100 20000 2 91.673022
Math 1342177280 100 20000 4 84.350526
Math 1342177280 100 20000 6 77.980465
Math 1342177280 100 20000 8 72.651400
Math 1342177280 100 50000 2 92.090072
Math 1342177280 100 50000 4 83.994761
Math 1342177280 100 50000 6 77.885524
Math 1342177280 100 50000 8 72.538584
Math 1342177280 100 100000 2 91.111763
Math 1342177280 100 100000 4 83.798649
Math 1342177280 100 100000 6 77.597137
Math 1342177280 100 100000 8 72.315132
Math 1342177280 1000 100 2 110.382650
Math 1342177280 1000 100 4 99.681577
Math 1342177280 1000 100 6 91.018030
Math 1342177280 1000 100 8 83.730604
Math 1342177280 1000 1000 2 92.892513
Math 1342177280 1000 1000 4 85.126610
Math 1342177280 1000 1000 6 78.654518
Math 1342177280 1000 1000 8 73.343352
Math 1342177280 1000 10000 2 91.148020
Math 1342177280 1000 10000 4 83.668203
Math 1342177280 1000 10000 6 77.614128
Math 1342177280 1000 10000 8 72.432585
Math 1342177280 1000 20000 2 90.961855
Math 1342177280 1000 20000 4 83.651104
Math 1342177280 1000 20000 6 77.493081
Math 1342177280 1000 20000 8 72.520499
Math 1342177280 1000 50000 2 90.991791
Math 1342177280 1000 50000 4 83.707395
Math 1342177280 1000 50000 6 77.902917
Math 1342177280 1000 50000 8 72.381683
Math 1342177280 1000 100000 2 91.061148
Math 1342177280 1000 100000 4 84.216966
Math 1342177280 1000 100000 6 78.045795
Math 1342177280 1000 100000 8 72.433422
Math 1342177280 10000 100 2 92.852779
Math 1342177280 10000 100 4 85.182268
Math 1342177280 10000 100 6 78.829430
Math 1342177280 10000 100 8 73.325037
Math 1342177280 10000 1000 2 91.163262
Math 1342177280 10000 1000 4 83.694653
Math 1342177280 10000 1000 6 77.817977
Math 1342177280 10000 1000 8 72.344715
Math 1342177280 10000 10000 2 91.072555
Math 1342177280 10000 10000 4 84.179239
Math 1342177280 10000 10000 6 78.053966
Math 1342177280 10000 10000 8 72.361080
Math 1342177280 10000 20000 2 91.121391
Math 1342177280 10000 20000 4 85.137520
Math 1342177280 10000 20000 6 78.685974
Math 1342177280 10000 20000 8 72.351688
Math 1342177280 10000 50000 2 91.750809
Math 1342177280 10000 50000 4 85.157247
Math 1342177280 10000 50000 6 78.579209
Math 1342177280 10000 50000 8 72.304878
Math 1342177280 10000 100000 2 91.785492
Math 1342177280 10000 100000 4 85.108970
Math 1342177280 10000 100000 6 78.737097
Math 1342177280 10000 100000 8 72.286008
Math 1342177280 100000 100 2 91.108591
Math 1342177280 100000 100 4 83.869302
Math 1342177280 100000 100 6 77.592693
Math 1342177280 100000 100 8 72.290974
Math 1342177280 100000 1000 2 91.141188
Math 1342177280 100000 1000 4 84.116145
Math 1342177280 100000 1000 6 78.045658
Math 1342177280 100000 1000 8 72.348519
Math 1342177280 100000 10000 2 91.795097
Math 1342177280 100000 10000 4 85.103110
Math 1342177280 100000 10000 6 78.654676
Math 1342177280 100000 10000 8 72.282972
Math 1342177280 100000 20000 2 95.217539
Math 1342177280 100000 20000 4 95.203545
Math 1342177280 100000 20000 6 95.207127
Math 1342177280 100000 20000 8 95.183266
Math 1342177280 100000 50000 2 95.206748
Math 1342177280 100000 50000 4 95.197234
Math 1342177280 100000 50000 6 95.197976
Math 1342177280 100000 50000 8 95.260994
Math 1342177280 100000 100000 2 95.238163
Math 1342177280 100000 100000 4 95.243092
Math 1342177280 100000 100000 6 95.419337
Math 1342177280 100000 100000 8 95.186927
MaxElement 2684354560 10 100 2 72.131197
MaxElement 2684354560 10 100 4 70.635647
MaxElement 2684354560 10 100 6 67.504573
MaxElement 2684354560 10 100 8 67.574875
MaxElement 2684354560 10 1000 2 30.869562
MaxElement 2684354560 10 1000 4 30.767645
MaxElement 2684354560 10 1000 6 30.270104
MaxElement 2684354560 10 1000 8 30.263510
MaxElement 2684354560 10 10000 2 4.551379
MaxElement 2684354560 10 10000 4 4.674496
MaxElement 2684354560 10 10000 6 4.755232
MaxElement 2684354560 10 10000 8 4.825951
MaxElement 2684354560 10 20000 2 2.752180
MaxElement 2684354560 10 20000 4 2.827430
MaxElement 2684354560 10 20000 6 2.861730
MaxElement 2684354560 10 20000 8 2.891924
MaxElement 2684354560 10 50000 2 1.725643
MaxElement 2684354560 10 50000 4 1.753553
MaxElement 2684354560 10 50000 6 1.764705
MaxElement 2684354560 10 50000 8 1.782129
MaxElement 2684354560 10 100000 2 1.311849
MaxElement 2684354560 10 100000 4 1.350836
MaxElement 2684354560 10 100000 6 1.337780
MaxElement 2684354560 10 100000 8 1.349570
MaxElement 2684354560 100 100 2 25.942085
MaxElement 2684354560 100 100 4 15.631189
MaxElement 2684354560 100 100 6 11.398719
MaxElement 2684354560 100 100 8 9.221203
MaxElement 2684354560 100 1000 2 4.362727
MaxElement 2684354560 100 1000 4 3.972026
MaxElement 2684354560 100 1000 6 3.695970
MaxElement 2684354560 100 1000 8 3.507704
MaxElement 2684354560 100 10000 2 1.269222
MaxElement 2684354560 100 10000 4 1.248092
MaxElement 2684354560 100 10000 6 1.226509
MaxElement 2684354560 100 10000 8 1.212642
MaxElement 2684354560 100 20000 2 1.089121
MaxElement 2684354560 100 20000 4 1.066269
MaxElement 2684354560 100 20000 6 1.046630
MaxElement 2684354560 100 20000 8 1.036645
MaxElement 2684354560 100 50000 2 0.972329
MaxElement 2684354560 100 50000 4 0.965350
MaxElement 2684354560 100 50000 6 0.958753
MaxElement 2684354560 100 50000 8 0.955094
MaxElement 2684354560 100 100000 2 0.942037
MaxElement 2684354560 100 100000 4 0.935322
MaxElement 2684354560 100 100000 6 0.917861
MaxElement 2684354560 100 100000 8 0.905560
MaxElement 2684354560 1000 100 2 4.307876
MaxElement 2684354560 1000 100 4 3.828629
MaxElement 2684354560 1000 100 6 3.405943
MaxElement 2684354560 1000 100 8 3.175087
MaxElement 2684354560 1000 1000 2 1.259825
MaxElement 2684354560 1000 1000 4 1.221587
MaxElement 2684354560 1000 1000 6 1.179747
MaxElement 2684354560 1000 1000 8 1.153701
MaxElement 2684354560 1000 10000 2 0.937339
MaxElement 2684354560 1000 10000 4 0.914894
MaxElement 2684354560 1000 10000 6 0.891393
MaxElement 2684354560 1000 10000 8 0.878144
MaxElement 2684354560 1000 20000 2 0.908834
MaxElement 2684354560 1000 20000 4 0.877268
MaxElement 2684354560 1000 20000 6 0.852785
MaxElement 2684354560 1000 20000 8 0.834620
MaxElement 2684354560 1000 50000 2 0.878427
MaxElement 2684354560 1000 50000 4 0.852461
MaxElement 2684354560 1000 50000 6 0.831220
MaxElement 2684354560 1000 50000 8 0.814411
MaxElement 2684354560 1000 100000 2 0.864886
MaxElement 2684354560 1000 100000 4 0.845200
MaxElement 2684354560 1000 100000 6 0.828940
MaxElement 2684354560 1000 100000 8 0.806387
MaxElement 2684354560 10000 100 2 1.262375
MaxElement 2684354560 10000 100 4 1.215985
MaxElement 2684354560 10000 100 6 1.173173
MaxElement 2684354560 10000 100 8 1.138733
MaxElement 2684354560 10000 1000 2 0.941967
MaxElement 2684354560 10000 1000 4 0.913758
MaxElement 2684354560 10000 1000 6 0.882941
MaxElement 2684354560 10000 1000 8 0.866327
MaxElement 2684354560 10000 10000 2 0.863878
MaxElement 2684354560 10000 10000 4 0.847553
MaxElement 2684354560 10000 10000 6 0.823398
MaxElement 2684354560 10000 10000 8 0.800895
MaxElement 2684354560 10000 20000 2 0.870803
MaxElement 2684354560 10000 20000 4 0.840266
MaxElement 2684354560 10000 20000 6 0.818863
MaxElement 2684354560 10000 20000 8 0.800087
MaxElement 2684354560 10000 50000 2 0.868422
MaxElement 2684354560 10000 50000 4 0.843718
MaxElement 2684354560 10000 50000 6 0.814733
MaxElement 2684354560 10000 50000 8 0.808761
MaxElement 2684354560 10000 100000 2 0.862458
MaxElement 2684354560 10000 100000 4 0.844339
MaxElement 2684354560 10000 100000 6 0.823296
MaxElement 2684354560 10000 100000 8 0.808367
MaxElement 2684354560 100000 100 2 0.943240
MaxElement 2684354560 100000 100 4 0.910730
MaxElement 2684354560 100000 100 6 0.878528
MaxElement 2684354560 100000 100 8 0.867894
MaxElement 2684354560 100000 1000 2 0.874350
MaxElement 2684354560 100000 1000 4 0.845580
MaxElement 2684354560 100000 1000 6 0.819568
MaxElement 2684354560 100000 1000 8 0.801075
MaxElement 2684354560 100000 10000 2 0.865456
MaxElement 2684354560 100000 10000 4 0.843947
MaxElement 2684354560 100000 10000 6 0.827197
MaxElement 2684354560 100000 10000 8 0.807533
MaxElement 2684354560 100000 20000 2 0.861813
MaxElement 2684354560 100000 20000 4 0.847233
MaxElement 2684354560 100000 20000 6 0.824439
MaxElement 2684354560 100000 20000 8 0.814070
MaxElement 2684354560 100000 50000 2 0.871756
MaxElement 2684354560 100000 50000 4 0.867940
MaxElement 2684354560 100000 50000 6 0.870399
MaxElement 2684354560 100000 50000 8 0.872524
MaxElement 2684354560 100000 100000 2 0.875237
MaxElement 2684354560 100000 100000 4 0.864728
MaxElement 2684354560 100000 100000 6 0.871643
MaxElement 2684354560 100000 100000 8 0.872435
VectorPow 671088640 10 100 2 7.673133
VectorPow 671088640 10 100 4 9.036265
VectorPow 671088640 10 100 6 9.952947
VectorPow 671088640 10 100 8 10.372824
VectorPow 671088640 10 1000 2 2.776078
VectorPow 671088640 10 1000 4 2.989016
VectorPow 671088640 10 1000 6 3.097749
VectorPow 671088640 10 1000 8 3.162483
VectorPow 671088640 10 10000 2 1.326070
VectorPow 671088640 10 10000 4 1.336886
VectorPow 671088640 10 10000 6 1.391438
VectorPow 671088640 10 10000 8 1.402120
VectorPow 671088640 10 20000 2 1.216595
VectorPow 671088640 10 20000 4 1.212701
VectorPow 671088640 10 20000 6 1.275287
VectorPow 671088640 10 20000 8 1.270839
VectorPow 671088640 10 50000 2 1.212200
VectorPow 671088640 10 50000 4 1.213905
VectorPow 671088640 10 50000 6 1.249024
VectorPow 671088640 10 50000 8 1.264314
VectorPow 671088640 10 100000 2 1.184215
VectorPow 671088640 10 100000 4 1.219961
VectorPow 671088640 10 100000 6 1.213145
VectorPow 671088640 10 100000 8 1.239026
VectorPow 671088640 100 100 2 2.694208
VectorPow 671088640 100 100 4 1.936597
VectorPow 671088640 100 100 6 1.490830
VectorPow 671088640 100 100 8 1.275551
VectorPow 671088640 100 1000 2 1.309656
VectorPow 671088640 100 1000 4 1.117427
VectorPow 671088640 100 1000 6 0.961510
VectorPow 671088640 100 1000 8 0.848526
VectorPow 671088640 100 10000 2 1.171049
VectorPow 671088640 100 10000 4 0.999277
VectorPow 671088640 100 10000 6 0.872978
VectorPow 671088640 100 10000 8 0.797745
VectorPow 671088640 100 20000 2 1.157879
VectorPow 671088640 100 20000 4 0.985171
VectorPow 671088640 100 20000 6 0.873038
VectorPow 671088640 100 20000 8 0.792692
VectorPow 671088640 100 50000 2 1.154838
VectorPow 671088640 100 50000 4 0.992407
VectorPow 671088640 100 50000 6 0.852936
VectorPow 671088640 100 50000 8 0.795021
VectorPow 671088640 100 100000 2 1.141315
VectorPow 671088640 100 100000 4 0.973068
VectorPow 671088640 100 100000 6 0.866653
VectorPow 671088640 100 100000 8 0.781908
VectorPow 671088640 1000 100 2 1.303280
VectorPow 671088640 1000 100 4 1.029919
VectorPow 671088640 1000 100 6 0.851736
VectorPow 671088640 1000 100 8 0.745393
VectorPow 671088640 1000 1000 2 1.146410
VectorPow 671088640 1000 1000 4 0.942506
VectorPow 671088640 1000 1000 6 0.796554
VectorPow 671088640 1000 1000 8 0.698039
VectorPow 671088640 1000 10000 2 1.144154
VectorPow 671088640 1000 10000 4 0.939374
VectorPow 671088640 1000 10000 6 0.796843
VectorPow 671088640 1000 10000 8 0.712155
VectorPow 671088640 1000 20000 2 1.133720
VectorPow 671088640 1000 20000 4 0.936438
VectorPow 671088640 1000 20000 6 0.797405
VectorPow 671088640 1000 20000 8 0.695480
VectorPow 671088640 1000 50000 2 1.150076
VectorPow 671088640 1000 50000 4 0.942715
VectorPow 671088640 1000 50000 6 0.795064
VectorPow 671088640 1000 50000 8 0.698779
VectorPow 671088640 1000 100000 2 1.148058
VectorPow 671088640 1000 100000 4 0.965363
VectorPow 671088640 1000 100000 6 0.777936
VectorPow 671088640 1000 100000 8 0.768032
VectorPow 671088640 10000 100 2 1.170157
VectorPow 671088640 10000 100 4 0.945407
VectorPow 671088640 10000 100 6 0.794131
VectorPow 671088640 10000 100 8 0.717374
VectorPow 671088640 10000 1000 2 1.144553
VectorPow 671088640 10000 1000 4 0.939492
VectorPow 671088640 10000 1000 6 0.782634
VectorPow 671088640 10000 1000 8 0.704497
VectorPow 671088640 10000 10000 2 1.152151
VectorPow 671088640 10000 10000 4 0.964590
VectorPow 671088640 10000 10000 6 0.776933
VectorPow 671088640 10000 10000 8 0.754820
VectorPow 671088640 10000 20000 2 1.155397
VectorPow 671088640 10000 20000 4 0.972077
VectorPow 671088640 10000 20000 6 0.779778
VectorPow 671088640 10000 20000 8 0.769381
VectorPow 671088640 10000 50000 2 1.152229
VectorPow 671088640 10000 50000 4 0.966090
VectorPow 671088640 10000 50000 6 0.966115
VectorPow 671088640 10000 50000 8 0.950127
VectorPow 671088640 10000 100000 2 1.288445
VectorPow 671088640 10000 100000 4 1.283548
VectorPow 671088640 10000 100000 6 1.293177
VectorPow 671088640 10000 100000 8 1.285387
VectorPow 671088640 100000 100 2 1.157534
VectorPow 671088640 100000 100 4 0.930910
VectorPow 671088640 100000 100 6 0.787053
VectorPow 671088640 100000 100 8 0.695831
VectorPow 671088640 100000 1000 2 1.154722
VectorPow 671088640 100000 1000 4 0.967890
VectorPow 671088640 100000 1000 6 0.781652
VectorPow 671088640 100000 1000 8 0.776919
VectorPow 671088640 100000 10000 2 1.293693
VectorPow 671088640 100000 10000 4 1.269994
VectorPow 671088640 100000 10000 6 1.288292
VectorPow 671088640 100000 10000 8 1.271112
VectorPow 671088640 100000 20000 2 1.297505
VectorPow 671088640 100000 20000 4 1.269968
VectorPow 671088640 100000 20000 6 1.280985
VectorPow 671088640 100000 20000 8 1.293777
VectorPow 671088640 100000 50000 2 1.280503
VectorPow 671088640 100000 50000 4 1.282123
VectorPow 671088640 100000 50000 6 1.284336
VectorPow 671088640 100000 50000 8 1.271958
VectorPow 671088640 100000 100000 2 1.283445
VectorPow 671088640 100000 100000 4 1.299936
VectorPow 671088640 100000 100000 6 1.291064
VectorPow 671088640 100000 100000 8 1.278149
