Testcase DataSize WorkGroupSize GpuWorkGroups NumThreads Time
Collatz 2684354560 10 100 2 106.121990
Collatz 2684354560 10 100 4 89.894721
Collatz 2684354560 10 100 6 78.667996
Collatz 2684354560 10 100 8 70.187045
Collatz 2684354560 10 1000 2 15.940048
Collatz 2684354560 10 1000 4 15.433388
Collatz 2684354560 10 1000 6 15.065660
Collatz 2684354560 10 1000 8 14.731192
Collatz 2684354560 10 10000 2 4.564737
Collatz 2684354560 10 10000 4 4.553295
Collatz 2684354560 10 10000 6 4.514173
Collatz 2684354560 10 10000 8 4.480995
Collatz 2684354560 10 20000 2 4.029530
Collatz 2684354560 10 20000 4 4.010752
Collatz 2684354560 10 20000 6 3.972047
Collatz 2684354560 10 20000 8 3.956859
Collatz 2684354560 10 50000 2 3.828776
Collatz 2684354560 10 50000 4 3.801987
Collatz 2684354560 10 50000 6 3.784919
Collatz 2684354560 10 50000 8 3.755084
Collatz 2684354560 10 100000 2 3.719991
Collatz 2684354560 10 100000 4 3.700139
Collatz 2684354560 10 100000 6 3.679732
Collatz 2684354560 10 100000 8 3.658889
Collatz 2684354560 100 100 2 15.760562
Collatz 2684354560 100 100 4 15.396378
Collatz 2684354560 100 100 6 15.006617
Collatz 2684354560 100 100 8 14.638663
Collatz 2684354560 100 1000 2 4.573407
Collatz 2684354560 100 1000 4 4.555435
Collatz 2684354560 100 1000 6 4.512559
Collatz 2684354560 100 1000 8 4.471898
Collatz 2684354560 100 10000 2 3.730739
Collatz 2684354560 100 10000 4 3.701431
Collatz 2684354560 100 10000 6 3.681490
Collatz 2684354560 100 10000 8 3.658143
Collatz 2684354560 100 20000 2 3.687687
Collatz 2684354560 100 20000 4 3.663257
Collatz 2684354560 100 20000 6 3.649725
Collatz 2684354560 100 20000 8 3.622549
Collatz 2684354560 100 50000 2 3.666826
Collatz 2684354560 100 50000 4 3.651627
Collatz 2684354560 100 50000 6 3.627508
Collatz 2684354560 100 50000 8 3.595355
Collatz 2684354560 100 100000 2 3.660735
Collatz 2684354560 100 100000 4 3.640816
Collatz 2684354560 100 100000 6 3.603116
Collatz 2684354560 100 100000 8 3.594025
Collatz 2684354560 1000 100 2 4.588873
Collatz 2684354560 1000 100 4 4.545499
Collatz 2684354560 1000 100 6 4.501898
Collatz 2684354560 1000 100 8 4.475865
Collatz 2684354560 1000 1000 2 3.721153
Collatz 2684354560 1000 1000 4 3.699947
Collatz 2684354560 1000 1000 6 3.676307
Collatz 2684354560 1000 1000 8 3.651253
Collatz 2684354560 1000 10000 2 3.648235
Collatz 2684354560 1000 10000 4 3.631898
Collatz 2684354560 1000 10000 6 3.612653
Collatz 2684354560 1000 10000 8 3.583675
Collatz 2684354560 1000 20000 2 3.657201
Collatz 2684354560 1000 20000 4 3.624256
Collatz 2684354560 1000 20000 6 3.606285
Collatz 2684354560 1000 20000 8 3.576202
Collatz 2684354560 1000 50000 2 3.649860
Collatz 2684354560 1000 50000 4 3.628819
Collatz 2684354560 1000 50000 6 3.606378
Collatz 2684354560 1000 50000 8 3.596198
Collatz 2684354560 1000 100000 2 3.630749
Collatz 2684354560 1000 100000 4 3.623870
Collatz 2684354560 1000 100000 6 3.607794
Collatz 2684354560 1000 100000 8 3.579267
Collatz 2684354560 10000 100 2 3.732558
Collatz 2684354560 10000 100 4 3.699334
Collatz 2684354560 10000 100 6 3.673203
Collatz 2684354560 10000 100 8 3.653111
Collatz 2684354560 10000 1000 2 3.648760
Collatz 2684354560 10000 1000 4 3.629393
Collatz 2684354560 10000 1000 6 3.612712
Collatz 2684354560 10000 1000 8 3.583002
Collatz 2684354560 10000 10000 2 3.643268
Collatz 2684354560 10000 10000 4 3.626507
Collatz 2684354560 10000 10000 6 3.595800
Collatz 2684354560 10000 10000 8 3.578358
Collatz 2684354560 10000 20000 2 3.634453
Collatz 2684354560 10000 20000 4 3.620153
Collatz 2684354560 10000 20000 6 3.611210
Collatz 2684354560 10000 20000 8 3.567521
Collatz 2684354560 10000 50000 2 3.635471
Collatz 2684354560 10000 50000 4 3.625282
Collatz 2684354560 10000 50000 6 3.581329
Collatz 2684354560 10000 50000 8 3.568533
Collatz 2684354560 10000 100000 2 3.622592
Collatz 2684354560 10000 100000 4 3.603934
Collatz 2684354560 10000 100000 6 3.590988
Collatz 2684354560 10000 100000 8 3.571591
Collatz 2684354560 100000 100 2 3.663913
Collatz 2684354560 100000 100 4 3.634332
Collatz 2684354560 100000 100 6 3.623253
Collatz 2684354560 100000 100 8 3.608796
Collatz 2684354560 100000 1000 2 3.637462
Collatz 2684354560 100000 1000 4 3.622149
Collatz 2684354560 100000 1000 6 3.605423
Collatz 2684354560 100000 1000 8 3.575806
Collatz 2684354560 100000 10000 2 3.630641
Collatz 2684354560 100000 10000 4 3.609735
Collatz 2684354560 100000 10000 6 3.590880
Collatz 2684354560 100000 10000 8 3.571022
Collatz 2684354560 100000 20000 2 3.621152
Collatz 2684354560 100000 20000 4 3.611107
Collatz 2684354560 100000 20000 6 3.593515
Collatz 2684354560 100000 20000 8 3.574101
Collatz 2684354560 100000 50000 2 3.635470
Collatz 2684354560 100000 50000 4 3.634599
Collatz 2684354560 100000 50000 6 3.635534
Collatz 2684354560 100000 50000 8 3.641311
Collatz 2684354560 100000 100000 2 3.641816
Collatz 2684354560 100000 100000 4 3.641456
Collatz 2684354560 100000 100000 6 3.643484
Collatz 2684354560 100000 100000 8 3.640228
Math 1342177280 10 100 2 1321.946144
Math 1342177280 10 100 4 589.047781
Math 1342177280 10 100 6 377.849123
Math 1342177280 10 100 8 283.896862
Math 1342177280 10 1000 2 327.087362
Math 1342177280 10 1000 4 249.716121
Math 1342177280 10 1000 6 202.658362
Math 1342177280 10 1000 8 171.072998
Math 1342177280 10 10000 2 111.326824
Math 1342177280 10 10000 4 100.641599
Math 1342177280 10 10000 6 94.355075
Math 1342177280 10 10000 8 86.177241
Math 1342177280 10 20000 2 94.092125
Math 1342177280 10 20000 4 86.378074
Math 1342177280 10 20000 6 81.419667
Math 1342177280 10 20000 8 74.279103
Math 1342177280 10 50000 2 97.173637
Math 1342177280 10 50000 4 89.027680
Math 1342177280 10 50000 6 82.397165
Math 1342177280 10 50000 8 76.466099
Math 1342177280 10 100000 2 93.623776
Math 1342177280 10 100000 4 85.937233
Math 1342177280 10 100000 6 79.653613
Math 1342177280 10 100000 8 74.237195
Math 1342177280 100 100 2 327.271315
Math 1342177280 100 100 4 247.894941
Math 1342177280 100 100 6 201.064434
Math 1342177280 100 100 8 171.576110
Math 1342177280 100 1000 2 111.262276
Math 1342177280 100 1000 4 100.538980
Math 1342177280 100 1000 6 91.336655
Math 1342177280 100 1000 8 84.117425
Math 1342177280 100 10000 2 92.942199
Math 1342177280 100 10000 4 85.247413
Math 1342177280 100 10000 6 79.008814
Math 1342177280 100 10000 8 73.555820
Math 1342177280 100 20000 2 91.683970
Math 1342177280 100 20000 4 84.388669
Math 1342177280 100 20000 6 78.122453
Math 1342177280 100 20000 8 72.795300
Math 1342177280 100 50000 2 91.520975
Math 1342177280 100 50000 4 84.281503
Math 1342177280 100 50000 6 81.253031
Math 1342177280 100 50000 8 73.128596
Math 1342177280 100 100000 2 91.296620
Math 1342177280 100 100000 4 84.429386
Math 1342177280 100 100000 6 77.962993
Math 1342177280 100 100000 8 72.568252
Math 1342177280 1000 100 2 110.575753
Math 1342177280 1000 100 4 99.965646
Math 1342177280 1000 100 6 91.238940
Math 1342177280 1000 100 8 84.040298
Math 1342177280 1000 1000 2 92.997295
Math 1342177280 1000 1000 4 85.369113
Math 1342177280 1000 1000 6 78.912310
Math 1342177280 1000 1000 8 73.508006
Math 1342177280 1000 10000 2 91.247708
Math 1342177280 1000 10000 4 84.160779
Math 1342177280 1000 10000 6 77.637536
Math 1342177280 1000 10000 8 72.536153
Math 1342177280 1000 20000 2 91.172779
Math 1342177280 1000 20000 4 84.018450
Math 1342177280 1000 20000 6 77.871543
Math 1342177280 1000 20000 8 72.637181
Math 1342177280 1000 50000 2 91.226276
Math 1342177280 1000 50000 4 84.180556
Math 1342177280 1000 50000 6 78.299388
Math 1342177280 1000 50000 8 72.719727
Math 1342177280 1000 100000 2 91.400212
Math 1342177280 1000 100000 4 84.636189
Math 1342177280 1000 100000 6 78.277234
Math 1342177280 1000 100000 8 72.702553
Math 1342177280 10000 100 2 94.142521
Math 1342177280 10000 100 4 86.405541
Math 1342177280 10000 100 6 78.993170
Math 1342177280 10000 100 8 73.502667
Math 1342177280 10000 1000 2 91.486255
Math 1342177280 10000 1000 4 83.877176
Math 1342177280 10000 1000 6 77.754292
Math 1342177280 10000 1000 8 72.573206
Math 1342177280 10000 10000 2 92.459663
Math 1342177280 10000 10000 4 84.544519
Math 1342177280 10000 10000 6 78.281050
Math 1342177280 10000 10000 8 72.706752
Math 1342177280 10000 20000 2 91.605562
Math 1342177280 10000 20000 4 85.369143
Math 1342177280 10000 20000 6 78.882559
Math 1342177280 10000 20000 8 72.661784
Math 1342177280 10000 50000 2 92.053641
Math 1342177280 10000 50000 4 85.557882
Math 1342177280 10000 50000 6 79.044495
Math 1342177280 10000 50000 8 72.479138
Math 1342177280 10000 100000 2 91.905720
Math 1342177280 10000 100000 4 85.342905
Math 1342177280 10000 100000 6 78.750477
Math 1342177280 10000 100000 8 72.483650
Math 1342177280 100000 100 2 91.516568
Math 1342177280 100000 100 4 83.859015
Math 1342177280 100000 100 6 77.592126
Math 1342177280 100000 100 8 72.491215
Math 1342177280 100000 1000 2 91.125938
Math 1342177280 100000 1000 4 84.376259
Math 1342177280 100000 1000 6 78.039903
Math 1342177280 100000 1000 8 72.565442
Math 1342177280 100000 10000 2 91.787546
Math 1342177280 100000 10000 4 85.263811
Math 1342177280 100000 10000 6 81.561342
Math 1342177280 100000 10000 8 73.610009
Math 1342177280 100000 20000 2 95.239683
Math 1342177280 100000 20000 4 95.203185
Math 1342177280 100000 20000 6 95.429621
Math 1342177280 100000 20000 8 95.521469
Math 1342177280 100000 50000 2 95.488970
Math 1342177280 100000 50000 4 95.457842
Math 1342177280 100000 50000 6 95.663854
Math 1342177280 100000 50000 8 95.419590
Math 1342177280 100000 100000 2 95.464552
Math 1342177280 100000 100000 4 95.424836
Math 1342177280 100000 100000 6 95.455118
Math 1342177280 100000 100000 8 95.444270
MaxElement 2684354560 10 100 2 71.481937
MaxElement 2684354560 10 100 4 73.217460
MaxElement 2684354560 10 100 6 73.906397
MaxElement 2684354560 10 100 8 79.222072
MaxElement 2684354560 10 1000 2 30.392571
MaxElement 2684354560 10 1000 4 31.515242
MaxElement 2684354560 10 1000 6 32.615588
MaxElement 2684354560 10 1000 8 34.526514
MaxElement 2684354560 10 10000 2 5.351868
MaxElement 2684354560 10 10000 4 6.051466
MaxElement 2684354560 10 10000 6 4.968727
MaxElement 2684354560 10 10000 8 6.562849
MaxElement 2684354560 10 20000 2 2.828678
MaxElement 2684354560 10 20000 4 2.878594
MaxElement 2684354560 10 20000 6 2.840049
MaxElement 2684354560 10 20000 8 3.118551
MaxElement 2684354560 10 50000 2 1.807471
MaxElement 2684354560 10 50000 4 1.746609
MaxElement 2684354560 10 50000 6 1.832622
MaxElement 2684354560 10 50000 8 1.812236
MaxElement 2684354560 10 100000 2 1.323184
MaxElement 2684354560 10 100000 4 1.330985
MaxElement 2684354560 10 100000 6 1.443873
MaxElement 2684354560 10 100000 8 1.531689
MaxElement 2684354560 100 100 2 26.179454
MaxElement 2684354560 100 100 4 16.081946
MaxElement 2684354560 100 100 6 11.686649
MaxElement 2684354560 100 100 8 9.797803
MaxElement 2684354560 100 1000 2 4.317505
MaxElement 2684354560 100 1000 4 4.165678
MaxElement 2684354560 100 1000 6 3.751289
MaxElement 2684354560 100 1000 8 3.770451
MaxElement 2684354560 100 10000 2 1.281977
MaxElement 2684354560 100 10000 4 1.250089
MaxElement 2684354560 100 10000 6 1.228398
MaxElement 2684354560 100 10000 8 1.231336
MaxElement 2684354560 100 20000 2 1.095452
MaxElement 2684354560 100 20000 4 1.068356
MaxElement 2684354560 100 20000 6 1.049672
MaxElement 2684354560 100 20000 8 1.045313
MaxElement 2684354560 100 50000 2 0.973307
MaxElement 2684354560 100 50000 4 0.970734
MaxElement 2684354560 100 50000 6 0.952781
MaxElement 2684354560 100 50000 8 0.944071
MaxElement 2684354560 100 100000 2 0.937830
MaxElement 2684354560 100 100000 4 0.936203
MaxElement 2684354560 100 100000 6 0.917090
MaxElement 2684354560 100 100000 8 0.905457
MaxElement 2684354560 1000 100 2 4.323448
MaxElement 2684354560 1000 100 4 3.864021
MaxElement 2684354560 1000 100 6 3.461677
MaxElement 2684354560 1000 100 8 3.172003
MaxElement 2684354560 1000 1000 2 1.273134
MaxElement 2684354560 1000 1000 4 1.217609
MaxElement 2684354560 1000 1000 6 1.218018
MaxElement 2684354560 1000 1000 8 1.239219
MaxElement 2684354560 1000 10000 2 0.942568
MaxElement 2684354560 1000 10000 4 0.917811
MaxElement 2684354560 1000 10000 6 0.898538
MaxElement 2684354560 1000 10000 8 0.869906
MaxElement 2684354560 1000 20000 2 0.900062
MaxElement 2684354560 1000 20000 4 0.901161
MaxElement 2684354560 1000 20000 6 0.856790
MaxElement 2684354560 1000 20000 8 0.830834
MaxElement 2684354560 1000 50000 2 0.871019
MaxElement 2684354560 1000 50000 4 0.843147
MaxElement 2684354560 1000 50000 6 0.902234
MaxElement 2684354560 1000 50000 8 0.817123
MaxElement 2684354560 1000 100000 2 0.867624
MaxElement 2684354560 1000 100000 4 0.846340
MaxElement 2684354560 1000 100000 6 0.823281
MaxElement 2684354560 1000 100000 8 0.808835
MaxElement 2684354560 10000 100 2 1.248738
MaxElement 2684354560 10000 100 4 1.222621
MaxElement 2684354560 10000 100 6 1.175808
MaxElement 2684354560 10000 100 8 1.139384
MaxElement 2684354560 10000 1000 2 0.944859
MaxElement 2684354560 10000 1000 4 0.903352
MaxElement 2684354560 10000 1000 6 0.887759
MaxElement 2684354560 10000 1000 8 0.870120
MaxElement 2684354560 10000 10000 2 0.866574
MaxElement 2684354560 10000 10000 4 0.845949
MaxElement 2684354560 10000 10000 6 0.829808
MaxElement 2684354560 10000 10000 8 0.801826
MaxElement 2684354560 10000 20000 2 0.873027
MaxElement 2684354560 10000 20000 4 0.841375
MaxElement 2684354560 10000 20000 6 0.819679
MaxElement 2684354560 10000 20000 8 0.801064
MaxElement 2684354560 10000 50000 2 0.853505
MaxElement 2684354560 10000 50000 4 0.838309
MaxElement 2684354560 10000 50000 6 0.814764
MaxElement 2684354560 10000 50000 8 0.812500
MaxElement 2684354560 10000 100000 2 0.863456
MaxElement 2684354560 10000 100000 4 0.844406
MaxElement 2684354560 10000 100000 6 0.826932
MaxElement 2684354560 10000 100000 8 0.813527
MaxElement 2684354560 100000 100 2 0.937850
MaxElement 2684354560 100000 100 4 0.904281
MaxElement 2684354560 100000 100 6 0.891462
MaxElement 2684354560 100000 100 8 0.871735
MaxElement 2684354560 100000 1000 2 0.865988
MaxElement 2684354560 100000 1000 4 0.844761
MaxElement 2684354560 100000 1000 6 0.818484
MaxElement 2684354560 100000 1000 8 0.803960
MaxElement 2684354560 100000 10000 2 0.864097
MaxElement 2684354560 100000 10000 4 0.845630
MaxElement 2684354560 100000 10000 6 0.824602
MaxElement 2684354560 100000 10000 8 0.813269
MaxElement 2684354560 100000 20000 2 0.862190
MaxElement 2684354560 100000 20000 4 0.845500
MaxElement 2684354560 100000 20000 6 0.825077
MaxElement 2684354560 100000 20000 8 0.808614
MaxElement 2684354560 100000 50000 2 0.873004
MaxElement 2684354560 100000 50000 4 0.873461
MaxElement 2684354560 100000 50000 6 0.872013
MaxElement 2684354560 100000 50000 8 0.873831
MaxElement 2684354560 100000 100000 2 0.870131
MaxElement 2684354560 100000 100000 4 0.873177
MaxElement 2684354560 100000 100000 6 0.871596
MaxElement 2684354560 100000 100000 8 0.872235
VectorPow 671088640 10 100 2 7.477755
VectorPow 671088640 10 100 4 5.871292
VectorPow 671088640 10 100 6 4.434704
VectorPow 671088640 10 100 8 4.188269
VectorPow 671088640 10 1000 2 2.758279
VectorPow 671088640 10 1000 4 2.540366
VectorPow 671088640 10 1000 6 2.233645
VectorPow 671088640 10 1000 8 2.143470
VectorPow 671088640 10 10000 2 1.329351
VectorPow 671088640 10 10000 4 1.276477
VectorPow 671088640 10 10000 6 1.199341
VectorPow 671088640 10 10000 8 1.147093
VectorPow 671088640 10 20000 2 1.212581
VectorPow 671088640 10 20000 4 1.162381
VectorPow 671088640 10 20000 6 1.104676
VectorPow 671088640 10 20000 8 1.096445
VectorPow 671088640 10 50000 2 1.204339
VectorPow 671088640 10 50000 4 1.169089
VectorPow 671088640 10 50000 6 1.092744
VectorPow 671088640 10 50000 8 1.075016
VectorPow 671088640 10 100000 2 1.182922
VectorPow 671088640 10 100000 4 1.133504
VectorPow 671088640 10 100000 6 1.046887
VectorPow 671088640 10 100000 8 1.064478
VectorPow 671088640 100 100 2 2.684860
VectorPow 671088640 100 100 4 1.910604
VectorPow 671088640 100 100 6 1.429513
VectorPow 671088640 100 100 8 1.183246
VectorPow 671088640 100 1000 2 1.308606
VectorPow 671088640 100 1000 4 1.097888
VectorPow 671088640 100 1000 6 0.923468
VectorPow 671088640 100 1000 8 0.815460
VectorPow 671088640 100 10000 2 1.160493
VectorPow 671088640 100 10000 4 0.986838
VectorPow 671088640 100 10000 6 0.861079
VectorPow 671088640 100 10000 8 0.764873
VectorPow 671088640 100 20000 2 1.146398
VectorPow 671088640 100 20000 4 0.982661
VectorPow 671088640 100 20000 6 0.844706
VectorPow 671088640 100 20000 8 0.768572
VectorPow 671088640 100 50000 2 1.151235
VectorPow 671088640 100 50000 4 0.980647
VectorPow 671088640 100 50000 6 0.842990
VectorPow 671088640 100 50000 8 0.757300
VectorPow 671088640 100 100000 2 1.157109
VectorPow 671088640 100 100000 4 0.990675
VectorPow 671088640 100 100000 6 0.842749
VectorPow 671088640 100 100000 8 0.767152
VectorPow 671088640 1000 100 2 1.300449
VectorPow 671088640 1000 100 4 1.037552
VectorPow 671088640 1000 100 6 0.866039
VectorPow 671088640 1000 100 8 0.749932
VectorPow 671088640 1000 1000 2 1.156993
VectorPow 671088640 1000 1000 4 0.937904
VectorPow 671088640 1000 1000 6 0.791828
VectorPow 671088640 1000 1000 8 0.711023
VectorPow 671088640 1000 10000 2 1.145549
VectorPow 671088640 1000 10000 4 0.939565
VectorPow 671088640 1000 10000 6 0.783661
VectorPow 671088640 1000 10000 8 0.699021
VectorPow 671088640 1000 20000 2 1.146170
VectorPow 671088640 1000 20000 4 0.935326
VectorPow 671088640 1000 20000 6 0.794956
VectorPow 671088640 1000 20000 8 0.712332
VectorPow 671088640 1000 50000 2 1.139463
VectorPow 671088640 1000 50000 4 0.936080
VectorPow 671088640 1000 50000 6 0.796692
VectorPow 671088640 1000 50000 8 0.705116
VectorPow 671088640 1000 100000 2 1.149044
VectorPow 671088640 1000 100000 4 0.968481
VectorPow 671088640 1000 100000 6 0.777062
VectorPow 671088640 1000 100000 8 0.771793
VectorPow 671088640 10000 100 2 1.166349
VectorPow 671088640 10000 100 4 0.944442
VectorPow 671088640 10000 100 6 0.786619
VectorPow 671088640 10000 100 8 0.702351
VectorPow 671088640 10000 1000 2 1.143437
VectorPow 671088640 10000 1000 4 0.934961
VectorPow 671088640 10000 1000 6 0.793051
VectorPow 671088640 10000 1000 8 0.689011
VectorPow 671088640 10000 10000 2 1.149891
VectorPow 671088640 10000 10000 4 0.965797
VectorPow 671088640 10000 10000 6 0.783514
VectorPow 671088640 10000 10000 8 0.759540
VectorPow 671088640 10000 20000 2 1.167951
VectorPow 671088640 10000 20000 4 0.960337
VectorPow 671088640 10000 20000 6 0.791563
VectorPow 671088640 10000 20000 8 0.787594
VectorPow 671088640 10000 50000 2 1.147251
VectorPow 671088640 10000 50000 4 0.959573
VectorPow 671088640 10000 50000 6 0.978547
VectorPow 671088640 10000 50000 8 0.971614
VectorPow 671088640 10000 100000 2 1.272264
VectorPow 671088640 10000 100000 4 1.290414
VectorPow 671088640 10000 100000 6 1.275893
VectorPow 671088640 10000 100000 8 1.281861
VectorPow 671088640 100000 100 2 1.159694
VectorPow 671088640 100000 100 4 0.940396
VectorPow 671088640 100000 100 6 0.773194
VectorPow 671088640 100000 100 8 0.685509
VectorPow 671088640 100000 1000 2 1.150929
VectorPow 671088640 100000 1000 4 0.968597
VectorPow 671088640 100000 1000 6 0.786677
VectorPow 671088640 100000 1000 8 0.745916
VectorPow 671088640 100000 10000 2 1.290014
VectorPow 671088640 100000 10000 4 1.274453
VectorPow 671088640 100000 10000 6 1.270970
VectorPow 671088640 100000 10000 8 1.271806
VectorPow 671088640 100000 20000 2 1.271944
VectorPow 671088640 100000 20000 4 1.283302
VectorPow 671088640 100000 20000 6 1.283241
VectorPow 671088640 100000 20000 8 1.279515
VectorPow 671088640 100000 50000 2 1.271816
VectorPow 671088640 100000 50000 4 1.280172
VectorPow 671088640 100000 50000 6 1.275467
VectorPow 671088640 100000 50000 8 1.294848
VectorPow 671088640 100000 100000 2 1.273928
VectorPow 671088640 100000 100000 4 1.273413
VectorPow 671088640 100000 100000 6 1.281599
VectorPow 671088640 100000 100000 8 1.280315
