Testcase DataSize WorkGroupSize GpuWorkGroups NumThreads Time
Collatz 1342177280 1000 10000 8 1.770059
Collatz 1342177280 1000 20000 8 1.745184
Collatz 1342177280 1000 100000 8 1.744086
Collatz 1342177280 10000 1000 8 1.749294
Collatz 1342177280 10000 10000 8 1.743550
Collatz 1342177280 10000 20000 8 1.760392
Collatz 1342177280 10000 50000 8 1.756125
Collatz 1342177280 10000 100000 8 1.756816
Collatz 1342177280 100000 10000 8 1.756077
Collatz 1342177280 100000 20000 8 1.786839
Collatz 2684354560 1000 10000 8 3.553304
Collatz 2684354560 1000 20000 8 3.556751
Collatz 2684354560 1000 100000 8 3.542858
Collatz 2684354560 10000 1000 8 3.562504
Collatz 2684354560 10000 10000 8 3.566235
Collatz 2684354560 10000 20000 8 3.573456
Collatz 2684354560 10000 50000 8 3.563007
Collatz 2684354560 10000 100000 8 3.564049
Collatz 2684354560 100000 10000 8 3.564578
Collatz 2684354560 100000 20000 8 3.566781
Collatz 5368709120 1000 10000 8 7.205812
Collatz 5368709120 1000 20000 8 7.191371
Collatz 5368709120 1000 100000 8 7.185653
Collatz 5368709120 10000 1000 8 7.199849
Collatz 5368709120 10000 10000 8 7.187655
Collatz 5368709120 10000 20000 8 7.209429
Collatz 5368709120 10000 50000 8 7.217568
Collatz 5368709120 10000 100000 8 7.220538
Collatz 5368709120 100000 10000 8 7.217065
Collatz 5368709120 100000 20000 8 7.250391
Collatz 8053063680 1000 10000 8 10.929159
Collatz 8053063680 1000 20000 8 10.907417
Collatz 8053063680 1000 100000 8 10.906027
Collatz 8053063680 10000 1000 8 11.000935
Collatz 8053063680 10000 10000 8 10.906536
Collatz 8053063680 10000 20000 8 10.916359
Collatz 8053063680 10000 50000 8 10.900128
Collatz 8053063680 10000 100000 8 10.917089
Collatz 8053063680 100000 10000 8 10.917227
Collatz 8053063680 100000 20000 8 10.933424
Collatz 10737418240 1000 10000 8 14.629407
Collatz 10737418240 1000 20000 8 14.621022
Collatz 10737418240 1000 100000 8 14.617925
Collatz 10737418240 10000 1000 8 14.653584
Collatz 10737418240 10000 10000 8 14.612985
Collatz 10737418240 10000 20000 8 14.625911
Collatz 10737418240 10000 50000 8 14.593902
Collatz 10737418240 10000 100000 8 14.615079
Collatz 10737418240 100000 10000 8 14.598471
Collatz 10737418240 100000 20000 8 14.612525
Collatz 13421772800 1000 10000 8 18.383959
Collatz 13421772800 1000 20000 8 18.363776
Collatz 13421772800 1000 100000 8 18.351047
Collatz 13421772800 10000 1000 8 18.385285
Collatz 13421772800 10000 10000 8 18.350247
Collatz 13421772800 10000 20000 8 18.332708
Collatz 13421772800 10000 50000 8 18.335751
Collatz 13421772800 10000 100000 8 18.319488
Collatz 13421772800 100000 10000 8 18.329993
Collatz 13421772800 100000 20000 8 18.357223
Math 671088640 100 20000 8 36.242106
Math 671088640 100 100000 8 36.289901
Math 671088640 1000 10000 8 36.523623
Math 671088640 1000 20000 8 36.514657
Math 671088640 1000 100000 8 36.492570
Math 671088640 10000 1000 8 36.308515
Math 671088640 10000 20000 8 38.756331
Math 671088640 10000 50000 8 36.392477
Math 671088640 10000 100000 8 47.891536
Math 671088640 100000 100 8 36.525771
Math 1342177280 100 20000 8 72.859267
Math 1342177280 100 100000 8 72.924077
Math 1342177280 1000 10000 8 72.911887
Math 1342177280 1000 20000 8 72.974317
Math 1342177280 1000 100000 8 72.956217
Math 1342177280 10000 1000 8 72.918994
Math 1342177280 10000 20000 8 72.893446
Math 1342177280 10000 50000 8 72.874942
Math 1342177280 10000 100000 8 72.848238
Math 1342177280 100000 100 8 72.877427
Math 2684354560 100 20000 8 145.670458
Math 2684354560 100 100000 8 145.703198
Math 2684354560 1000 10000 8 145.672662
Math 2684354560 1000 20000 8 145.585439
Math 2684354560 1000 100000 8 145.896326
Math 2684354560 10000 1000 8 145.696244
Math 2684354560 10000 20000 8 145.373451
Math 2684354560 10000 50000 8 145.786434
Math 2684354560 10000 100000 8 145.339797
Math 2684354560 100000 100 8 144.915403
Math 4026531840 100 20000 8 218.480277
Math 4026531840 100 100000 8 217.591369
Math 4026531840 1000 10000 8 217.429491
Math 4026531840 1000 20000 8 217.166709
Math 4026531840 1000 100000 8 218.708519
Math 4026531840 10000 1000 8 217.407001
Math 4026531840 10000 20000 8 217.815039
Math 4026531840 10000 50000 8 217.765091
Math 4026531840 10000 100000 8 217.740480
Math 4026531840 100000 100 8 217.336422
Math 5368709120 100 20000 8 289.704286
Math 5368709120 100 100000 8 289.680158
Math 5368709120 1000 10000 8 289.773586
Math 5368709120 1000 20000 8 289.224078
Math 5368709120 1000 100000 8 293.720533
Math 5368709120 10000 1000 8 289.706254
Math 5368709120 10000 20000 8 290.400231
Math 5368709120 10000 50000 8 290.743482
Math 5368709120 10000 100000 8 290.182409
Math 5368709120 100000 100 8 289.647465
Math 6710886400 100 20000 8 362.081494
Math 6710886400 100 100000 8 362.146306
Math 6710886400 1000 10000 8 362.123726
Math 6710886400 1000 20000 8 361.569828
Math 6710886400 1000 100000 8 362.551052
Math 6710886400 10000 1000 8 361.908136
Math 6710886400 10000 20000 8 362.650148
Math 6710886400 10000 50000 8 363.223523
Math 6710886400 10000 100000 8 363.247720
Math 6710886400 100000 100 8 362.204419
MaxElement 1342177280 1000 50000 8 0.414904
MaxElement 1342177280 1000 100000 8 0.410048
MaxElement 1342177280 10000 10000 8 0.409316
MaxElement 1342177280 10000 20000 8 0.410715
MaxElement 1342177280 10000 50000 6 0.420314
MaxElement 1342177280 10000 50000 8 0.412596
MaxElement 1342177280 10000 100000 8 0.418612
MaxElement 1342177280 100000 1000 8 0.408965
MaxElement 1342177280 100000 10000 8 0.410629
MaxElement 1342177280 100000 20000 8 0.446221
MaxElement 2684354560 1000 50000 8 0.816664
MaxElement 2684354560 1000 100000 8 0.808488
MaxElement 2684354560 10000 10000 8 0.803368
MaxElement 2684354560 10000 20000 8 0.798743
MaxElement 2684354560 10000 50000 6 0.813228
MaxElement 2684354560 10000 50000 8 0.809702
MaxElement 2684354560 10000 100000 8 0.806728
MaxElement 2684354560 100000 1000 8 0.800893
MaxElement 2684354560 100000 10000 8 0.807510
MaxElement 2684354560 100000 20000 8 0.807914
MaxElement 5368709120 1000 50000 8 1.615481
MaxElement 5368709120 1000 100000 8 1.609759
MaxElement 5368709120 10000 10000 8 1.592375
MaxElement 5368709120 10000 20000 8 1.588284
MaxElement 5368709120 10000 50000 6 1.620217
MaxElement 5368709120 10000 50000 8 1.594553
MaxElement 5368709120 10000 100000 8 1.601748
MaxElement 5368709120 100000 1000 8 1.597395
MaxElement 5368709120 100000 10000 8 1.600436
MaxElement 5368709120 100000 20000 8 1.594829
MaxElement 8053063680 1000 50000 8 2.406635
MaxElement 8053063680 1000 100000 8 2.399891
MaxElement 8053063680 10000 10000 8 2.383919
MaxElement 8053063680 10000 20000 8 2.364258
MaxElement 8053063680 10000 50000 6 2.416867
MaxElement 8053063680 10000 50000 8 2.363417
MaxElement 8053063680 10000 100000 8 2.363426
MaxElement 8053063680 100000 1000 8 2.374115
MaxElement 8053063680 100000 10000 8 2.361452
MaxElement 8053063680 100000 20000 8 2.400030
MaxElement 10737418240 1000 50000 8 3.194896
MaxElement 10737418240 1000 100000 8 3.176239
MaxElement 10737418240 10000 10000 8 3.161402
MaxElement 10737418240 10000 20000 8 3.158427
MaxElement 10737418240 10000 50000 6 3.205103
MaxElement 10737418240 10000 50000 8 3.138328
MaxElement 10737418240 10000 100000 8 3.153964
MaxElement 10737418240 100000 1000 8 3.150528
MaxElement 10737418240 100000 10000 8 3.144099
MaxElement 10737418240 100000 20000 8 3.178230
MaxElement 13421772800 1000 50000 8 3.979947
MaxElement 13421772800 1000 100000 8 3.951239
MaxElement 13421772800 10000 10000 8 3.935361
MaxElement 13421772800 10000 20000 8 3.927113
MaxElement 13421772800 10000 50000 6 4.009323
MaxElement 13421772800 10000 50000 8 3.917945
MaxElement 13421772800 10000 100000 8 3.938541
MaxElement 13421772800 100000 1000 8 3.934867
MaxElement 13421772800 100000 10000 8 3.908765
MaxElement 13421772800 100000 20000 8 3.908921
VectorPow 335544320 1000 100 8 0.364982
VectorPow 335544320 1000 1000 8 0.343651
VectorPow 335544320 1000 10000 8 0.344517
VectorPow 335544320 1000 20000 8 0.354051
VectorPow 335544320 1000 50000 8 0.373819
VectorPow 335544320 10000 100 8 0.346988
VectorPow 335544320 10000 1000 8 0.343047
VectorPow 335544320 10000 10000 8 0.391460
VectorPow 335544320 100000 100 8 0.344746
VectorPow 335544320 100000 1000 8 0.388569
VectorPow 671088640 1000 100 8 0.758050
VectorPow 671088640 1000 1000 8 0.706346
VectorPow 671088640 1000 10000 8 0.697586
VectorPow 671088640 1000 20000 8 0.721578
VectorPow 671088640 1000 50000 8 0.702559
VectorPow 671088640 10000 100 8 0.693787
VectorPow 671088640 10000 1000 8 0.710791
VectorPow 671088640 10000 10000 8 0.781381
VectorPow 671088640 100000 100 8 0.712384
VectorPow 671088640 100000 1000 8 0.771370
VectorPow 1342177280 1000 100 8 1.477813
VectorPow 1342177280 1000 1000 8 1.389242
VectorPow 1342177280 1000 10000 8 1.372854
VectorPow 1342177280 1000 20000 8 1.385685
VectorPow 1342177280 1000 50000 8 1.379881
VectorPow 1342177280 10000 100 8 1.374120
VectorPow 1342177280 10000 1000 8 1.358682
VectorPow 1342177280 10000 10000 8 1.343220
VectorPow 1342177280 100000 100 8 1.370142
VectorPow 1342177280 100000 1000 8 1.338917
VectorPow 2013265920 1000 100 8 2.180470
VectorPow 2013265920 1000 1000 8 2.055856
VectorPow 2013265920 1000 10000 8 2.091667
VectorPow 2013265920 1000 20000 8 2.051087
VectorPow 2013265920 1000 50000 8 2.076270
VectorPow 2013265920 10000 100 8 2.042126
VectorPow 2013265920 10000 1000 8 2.021946
VectorPow 2013265920 10000 10000 8 2.079511
VectorPow 2013265920 100000 100 8 2.024874
VectorPow 2013265920 100000 1000 8 2.093991
VectorPow 2684354560 1000 100 8 2.935970
VectorPow 2684354560 1000 1000 8 2.726460
VectorPow 2684354560 1000 10000 8 2.718117
VectorPow 2684354560 1000 20000 8 2.713768
VectorPow 2684354560 1000 50000 8 2.713259
VectorPow 2684354560 10000 100 8 2.736211
VectorPow 2684354560 10000 1000 8 2.754263
VectorPow 2684354560 10000 10000 8 2.711825
VectorPow 2684354560 100000 100 8 2.678927
VectorPow 2684354560 100000 1000 8 2.687922
VectorPow 3355443200 1000 100 8 3.666835
VectorPow 3355443200 1000 1000 8 3.434352
VectorPow 3355443200 1000 10000 8 3.383135
VectorPow 3355443200 1000 20000 8 3.401489
VectorPow 3355443200 1000 50000 8 3.405684
VectorPow 3355443200 10000 100 8 3.390118
VectorPow 3355443200 10000 1000 8 3.321524
VectorPow 3355443200 10000 10000 8 3.399761
VectorPow 3355443200 100000 100 8 3.358074
VectorPow 3355443200 100000 1000 8 3.384176
