Testcase DataSize WorkGroupSize GpuWorkGroups NumThreads Time
Collatz 1342177280 1000 10000 8 1.757416
Collatz 1342177280 1000 20000 8 1.745963
Collatz 1342177280 1000 100000 8 1.743982
Collatz 1342177280 10000 1000 8 1.747010
Collatz 1342177280 10000 10000 8 1.747066
Collatz 1342177280 10000 20000 8 1.750504
Collatz 1342177280 10000 50000 8 1.756688
Collatz 1342177280 10000 100000 8 1.759729
Collatz 1342177280 100000 10000 8 1.756899
Collatz 1342177280 100000 20000 8 1.788842
Collatz 2684354560 1000 10000 8 3.559677
Collatz 2684354560 1000 20000 8 3.571587
Collatz 2684354560 1000 100000 8 3.548816
Collatz 2684354560 10000 1000 8 3.557316
Collatz 2684354560 10000 10000 8 3.566144
Collatz 2684354560 10000 20000 8 3.568112
Collatz 2684354560 10000 50000 8 3.549738
Collatz 2684354560 10000 100000 8 3.580106
Collatz 2684354560 100000 10000 8 3.578180
Collatz 2684354560 100000 20000 8 3.575954
Collatz 5368709120 1000 10000 8 7.221705
Collatz 5368709120 1000 20000 8 7.214151
Collatz 5368709120 1000 100000 8 7.216631
Collatz 5368709120 10000 1000 8 7.231747
Collatz 5368709120 10000 10000 8 7.215329
Collatz 5368709120 10000 20000 8 7.211294
Collatz 5368709120 10000 50000 8 7.228828
Collatz 5368709120 10000 100000 8 7.219205
Collatz 5368709120 100000 10000 8 7.219743
Collatz 5368709120 100000 20000 8 7.250205
Collatz 8053063680 1000 10000 8 10.936131
Collatz 8053063680 1000 20000 8 10.911541
Collatz 8053063680 1000 100000 8 10.902571
Collatz 8053063680 10000 1000 8 10.985192
Collatz 8053063680 10000 10000 8 10.915228
Collatz 8053063680 10000 20000 8 10.912706
Collatz 8053063680 10000 50000 8 10.900703
Collatz 8053063680 10000 100000 8 10.917411
Collatz 8053063680 100000 10000 8 10.904460
Collatz 8053063680 100000 20000 8 10.948094
Collatz 10737418240 1000 10000 8 14.646481
Collatz 10737418240 1000 20000 8 14.630199
Collatz 10737418240 1000 100000 8 14.619937
Collatz 10737418240 10000 1000 8 14.642100
Collatz 10737418240 10000 10000 8 14.624911
Collatz 10737418240 10000 20000 8 14.629082
Collatz 10737418240 10000 50000 8 14.590707
Collatz 10737418240 10000 100000 8 14.605686
Collatz 10737418240 100000 10000 8 14.597603
Collatz 10737418240 100000 20000 8 14.616039
Collatz 13421772800 1000 10000 8 18.390831
Collatz 13421772800 1000 20000 8 18.362300
Collatz 13421772800 1000 100000 8 18.356002
Collatz 13421772800 10000 1000 8 18.375015
Collatz 13421772800 10000 10000 8 18.354767
Collatz 13421772800 10000 20000 8 18.387899
Collatz 13421772800 10000 50000 8 18.324907
Collatz 13421772800 10000 100000 8 18.338284
Collatz 13421772800 100000 10000 8 18.339704
Collatz 13421772800 100000 20000 8 18.364643
Math 671088640 100 20000 8 36.274384
Math 671088640 100 100000 8 36.455699
Math 671088640 1000 10000 8 36.243780
Math 671088640 1000 20000 8 36.381359
Math 671088640 1000 100000 8 36.330808
Math 671088640 10000 1000 8 36.244573
Math 671088640 10000 20000 8 38.557267
Math 671088640 10000 50000 8 36.278158
Math 671088640 10000 100000 8 47.526292
Math 671088640 100000 100 8 36.246339
Math 1342177280 100 20000 8 72.539965
Math 1342177280 100 100000 8 72.614466
Math 1342177280 1000 10000 8 72.617245
Math 1342177280 1000 20000 8 72.464172
Math 1342177280 1000 100000 8 72.731285
Math 1342177280 10000 1000 8 72.625998
Math 1342177280 10000 20000 8 72.662096
Math 1342177280 10000 50000 8 72.631676
Math 1342177280 10000 100000 8 72.592160
Math 1342177280 100000 100 8 72.644489
Math 2684354560 100 20000 8 145.092007
Math 2684354560 100 100000 8 145.092889
Math 2684354560 1000 10000 8 145.156461
Math 2684354560 1000 20000 8 145.250870
Math 2684354560 1000 100000 8 145.436604
Math 2684354560 10000 1000 8 145.025861
Math 2684354560 10000 20000 8 145.316529
Math 2684354560 10000 50000 8 145.321551
Math 2684354560 10000 100000 8 145.364849
Math 2684354560 100000 100 8 145.037569
Math 4026531840 100 20000 8 217.597976
Math 4026531840 100 100000 8 217.557008
Math 4026531840 1000 10000 8 217.589376
Math 4026531840 1000 20000 8 217.575775
Math 4026531840 1000 100000 8 218.234140
Math 4026531840 10000 1000 8 217.482573
Math 4026531840 10000 20000 8 218.106149
Math 4026531840 10000 50000 8 217.966920
Math 4026531840 10000 100000 8 218.082599
Math 4026531840 100000 100 8 217.543676
Math 5368709120 100 20000 8 290.121581
Math 5368709120 100 100000 8 290.220364
Math 5368709120 1000 10000 8 290.209338
Math 5368709120 1000 20000 8 289.788803
Math 5368709120 1000 100000 8 290.991853
Math 5368709120 10000 1000 8 290.002206
Math 5368709120 10000 20000 8 290.717893
Math 5368709120 10000 50000 8 291.282539
Math 5368709120 10000 100000 8 291.178594
Math 5368709120 100000 100 8 290.252593
Math 6710886400 100 20000 8 364.216826
Math 6710886400 100 100000 8 362.824292
Math 6710886400 1000 10000 8 362.925143
Math 6710886400 1000 20000 8 362.552225
Math 6710886400 1000 100000 8 363.519831
Math 6710886400 10000 1000 8 362.923542
Math 6710886400 10000 20000 8 365.314678
Math 6710886400 10000 50000 8 365.120931
Math 6710886400 10000 100000 8 365.144050
Math 6710886400 100000 100 8 364.505488
MaxElement 1342177280 1000 50000 8 0.417473
MaxElement 1342177280 1000 100000 8 0.410749
MaxElement 1342177280 10000 10000 8 0.411529
MaxElement 1342177280 10000 20000 8 0.408386
MaxElement 1342177280 10000 50000 6 0.420078
MaxElement 1342177280 10000 50000 8 0.416116
MaxElement 1342177280 10000 100000 8 0.411191
MaxElement 1342177280 100000 1000 8 0.410874
MaxElement 1342177280 100000 10000 8 0.414886
MaxElement 1342177280 100000 20000 8 0.443442
MaxElement 2684354560 1000 50000 8 0.813207
MaxElement 2684354560 1000 100000 8 0.813578
MaxElement 2684354560 10000 10000 8 0.804640
MaxElement 2684354560 10000 20000 8 0.797996
MaxElement 2684354560 10000 50000 6 0.815606
MaxElement 2684354560 10000 50000 8 0.813816
MaxElement 2684354560 10000 100000 8 0.808447
MaxElement 2684354560 100000 1000 8 0.802165
MaxElement 2684354560 100000 10000 8 0.809193
MaxElement 2684354560 100000 20000 8 0.807363
MaxElement 5368709120 1000 50000 8 1.626506
MaxElement 5368709120 1000 100000 8 1.595808
MaxElement 5368709120 10000 10000 8 1.589625
MaxElement 5368709120 10000 20000 8 1.583598
MaxElement 5368709120 10000 50000 6 1.610082
MaxElement 5368709120 10000 50000 8 1.588377
MaxElement 5368709120 10000 100000 8 1.601039
MaxElement 5368709120 100000 1000 8 1.600934
MaxElement 5368709120 100000 10000 8 1.601362
MaxElement 5368709120 100000 20000 8 1.599501
MaxElement 8053063680 1000 50000 8 2.412577
MaxElement 8053063680 1000 100000 8 2.387500
MaxElement 8053063680 10000 10000 8 2.391832
MaxElement 8053063680 10000 20000 8 2.365616
MaxElement 8053063680 10000 50000 6 2.409164
MaxElement 8053063680 10000 50000 8 2.364809
MaxElement 8053063680 10000 100000 8 2.362165
MaxElement 8053063680 100000 1000 8 2.373261
MaxElement 8053063680 100000 10000 8 2.361181
MaxElement 8053063680 100000 20000 8 2.396432
MaxElement 10737418240 1000 50000 8 3.207579
MaxElement 10737418240 1000 100000 8 3.170309
MaxElement 10737418240 10000 10000 8 3.168743
MaxElement 10737418240 10000 20000 8 3.161830
MaxElement 10737418240 10000 50000 6 3.209168
MaxElement 10737418240 10000 50000 8 3.153851
MaxElement 10737418240 10000 100000 8 3.155614
MaxElement 10737418240 100000 1000 8 3.157185
MaxElement 10737418240 100000 10000 8 3.159118
MaxElement 10737418240 100000 20000 8 3.193121
MaxElement 13421772800 1000 50000 8 3.993417
MaxElement 13421772800 1000 100000 8 3.964812
MaxElement 13421772800 10000 10000 8 3.930090
MaxElement 13421772800 10000 20000 8 3.922985
MaxElement 13421772800 10000 50000 6 4.011127
MaxElement 13421772800 10000 50000 8 3.926042
MaxElement 13421772800 10000 100000 8 3.917701
MaxElement 13421772800 100000 1000 8 3.941230
MaxElement 13421772800 100000 10000 8 3.911008
MaxElement 13421772800 100000 20000 8 3.941580
VectorPow 335544320 1000 100 8 0.369767
VectorPow 335544320 1000 1000 8 0.343306
VectorPow 335544320 1000 10000 8 0.349547
VectorPow 335544320 1000 20000 8 0.345760
VectorPow 335544320 1000 50000 8 0.386323
VectorPow 335544320 10000 100 8 0.346326
VectorPow 335544320 10000 1000 8 0.350757
VectorPow 335544320 10000 10000 8 0.388403
VectorPow 335544320 100000 100 8 0.351635
VectorPow 335544320 100000 1000 8 0.386178
VectorPow 671088640 1000 100 8 0.773878
VectorPow 671088640 1000 1000 8 0.704441
VectorPow 671088640 1000 10000 8 0.703772
VectorPow 671088640 1000 20000 8 0.717485
VectorPow 671088640 1000 50000 8 0.692969
VectorPow 671088640 10000 100 8 0.699361
VectorPow 671088640 10000 1000 8 0.693531
VectorPow 671088640 10000 10000 8 0.778977
VectorPow 671088640 100000 100 8 0.705133
VectorPow 671088640 100000 1000 8 0.764961
VectorPow 1342177280 1000 100 8 1.489599
VectorPow 1342177280 1000 1000 8 1.396093
VectorPow 1342177280 1000 10000 8 1.377752
VectorPow 1342177280 1000 20000 8 1.395132
VectorPow 1342177280 1000 50000 8 1.362827
VectorPow 1342177280 10000 100 8 1.374878
VectorPow 1342177280 10000 1000 8 1.383352
VectorPow 1342177280 10000 10000 8 1.360566
VectorPow 1342177280 100000 100 8 1.399414
VectorPow 1342177280 100000 1000 8 1.386551
VectorPow 2013265920 1000 100 8 2.196670
VectorPow 2013265920 1000 1000 8 2.059628
VectorPow 2013265920 1000 10000 8 2.037548
VectorPow 2013265920 1000 20000 8 2.033010
VectorPow 2013265920 1000 50000 8 2.054468
VectorPow 2013265920 10000 100 8 2.066314
VectorPow 2013265920 10000 1000 8 2.026909
VectorPow 2013265920 10000 10000 8 2.089170
VectorPow 2013265920 100000 100 8 2.016070
VectorPow 2013265920 100000 1000 8 2.090964
VectorPow 2684354560 1000 100 8 2.960975
VectorPow 2684354560 1000 1000 8 2.727103
VectorPow 2684354560 1000 10000 8 2.724795
VectorPow 2684354560 1000 20000 8 2.711122
VectorPow 2684354560 1000 50000 8 2.753032
VectorPow 2684354560 10000 100 8 2.729207
VectorPow 2684354560 10000 1000 8 2.679668
VectorPow 2684354560 10000 10000 8 2.738108
VectorPow 2684354560 100000 100 8 2.693206
VectorPow 2684354560 100000 1000 8 2.755886
VectorPow 3355443200 1000 100 8 3.677105
VectorPow 3355443200 1000 1000 8 3.385944
VectorPow 3355443200 1000 10000 8 3.374362
VectorPow 3355443200 1000 20000 8 3.371032
VectorPow 3355443200 1000 50000 8 3.397191
VectorPow 3355443200 10000 100 8 3.377239
VectorPow 3355443200 10000 1000 8 3.397862
VectorPow 3355443200 10000 10000 8 3.423133
VectorPow 3355443200 100000 100 8 3.378188
VectorPow 3355443200 100000 1000 8 3.393718
